data;

param n := 20;
param k := 7;
param Q := 200;
param M := 1348.8945448168806;

param demand :=
1 20
2 20
3 10
4 20
5 10
6 10
7 20
8 10
9 10
10 30
11 10
12 20
13 20
14 30
15 20
16 10
17 20
18 30
19 20
20 30
;

param earliest_time :=
1 306.0
2 562.0
3 253.0
4 672.0
5 358.0
6 233.0
7 163.0
8 913.0
9 91.0
10 106.0
11 1115.0
12 629.0
13 39.0
14 626.0
15 470.0
16 286.0
17 551.0
18 163.0
19 245.0
20 119.0
;

param latest_time :=
0 1496.0
1 355.0
2 629.0
3 319.0
4 732.0
5 414.0
6 297.0
7 210.0
8 974.0
9 155.0
10 155.0
11 1184.0
12 696.0
13 100.0
14 680.0
15 537.0
16 353.0
17 633.0
18 233.0
19 299.0
20 180.0
;

param service_time :=
0 0.0
1 90.0
2 90.0
3 90.0
4 90.0
5 90.0
6 90.0
7 90.0
8 90.0
9 90.0
10 90.0
11 90.0
12 90.0
13 90.0
14 90.0
15 90.0
16 90.0
17 90.0
18 90.0
19 90.0
20 90.0
;

param cost :=
0 1 143.92359083902818
0 2 104.04326023342406
0 3 104.89041900955492
0 4 64.28063471995279
0 5 113.75851616472501
0 6 175.41379649275024
0 7 163.51758315239374
0 8 98.49365461794989
0 9 91.7877987534291
0 10 40.26164427839479
0 11 117.41379816699569
0 12 120.24142381059865
0 13 39.6232255123179
0 14 86.1278120005379
0 15 141.77799547179387
0 16 136.48809471891678
0 17 47.75981574503821
0 18 15.811388300841896
0 19 91.80958555619343
0 20 119.6703806294607
1 0 143.92359083902818
1 2 144.55794685869054
1 3 212.46176126540982
1 4 203.00246303924493
1 5 117.64777940955791
1 6 72.99315036357864
1 7 78.0
1 8 70.60453243241541
1 9 91.48223871331527
1 10 171.1286066091815
1 11 144.22205101855957
1 12 53.85164807134504
1 13 157.20050890502867
1 14 158.4929020492716
1 15 193.35201059208046
1 16 280.40149785619906
1 17 179.44637081869334
1 18 141.4213562373095
1 19 155.92626462530293
1 20 141.98943622678414
2 0 104.04326023342406
2 1 144.55794685869054
2 3 83.6719785830358
2 4 115.43396380615195
2 5 32.55764119219941
2 6 126.11502686040232
2 7 108.4665847162157
2 8 74.32361670424818
2 9 53.665631459994955
2 10 143.17122615944868
2 11 204.86336910243372
2 12 92.41753080449618
2 13 143.34922392534952
2 14 29.0
2 15 239.841614404173
2 16 197.71696942852427
2 17 149.56603892595405
2 18 117.61377470347595
2 19 188.6001060445089
2 20 205.71825392998065
3 0 104.89041900955492
3 1 212.46176126540982
3 2 83.6719785830358
3 4 64.76109943476871
3 5 115.52056094046635
3 6 208.24024587000469
3 7 191.01832372837953
3 8 144.08677940741129
3 9 124.4869471069156
3 10 128.16005617976296
3 11 222.25210910135362
3 12 166.5893153836704
3 13 138.05795884337854
3 14 57.723478758647246
3 15 242.40668307618913
3 16 128.3160161476345
3 17 130.24976007655445
3 18 120.28299963003916
3 19 194.82556300444764
3 20 224.5551157288562
4 0 64.28063471995279
4 1 203.00246303924493
4 2 115.43396380615195
4 3 64.76109943476871
4 5 139.51702405083043
4 6 221.05655384991417
4 7 206.22802913280242
4 8 145.82523787054146
4 9 131.7459676802292
4 10 70.2922470831599
4 11 172.53985046939155
4 12 169.49926253526885
4 13 84.05950273467003
4 14 87.23531395025755
4 15 184.5670609832643
4 16 84.29116205154607
4 17 70.03570517957252
4 18 75.43208866258443
4 19 141.01418368376991
4 20 175.5135322418189
5 0 113.75851616472501
5 1 117.64777940955791
5 2 32.55764119219941
5 3 115.52056094046635
5 4 139.51702405083043
5 6 93.55746896961247
5 7 75.92759709091287
5 8 50.91168824543142
5 9 34.0
5 10 154.0194792875239
5 11 199.04019694524018
5 12 63.97655820689325
5 13 150.6154042586614
5 14 58.59180830116101
5 15 238.72997298202839
5 16 223.46364357541475
5 17 161.40012391568973
5 18 124.61540835707277
5 19 188.1754500459611
5 20 199.24858845171275
6 0 175.41379649275024
6 1 72.99315036357864
6 2 126.11502686040232
6 3 208.24024587000469
6 4 221.05655384991417
6 5 93.55746896961247
6 7 18.0
6 8 77.10382610480494
6 9 89.35882720806042
6 10 211.463944917331
6 11 211.09239683134018
6 12 55.60575509783138
6 13 201.37527157027003
6 14 150.57224179774968
6 15 259.12352266824405
6 16 304.6850833237492
6 17 219.89315587348324
6 18 179.28747864811976
6 19 216.00231480241132
6 20 209.45882650296693
7 0 163.51758315239374
7 1 78.0
7 2 108.4665847162157
7 3 191.01832372837953
7 4 206.22802913280242
7 5 75.92759709091287
7 6 18.0
7 8 65.21502894272147
7 9 74.65252842335616
7 10 200.81085628023203
7 11 208.7773934122179
7 12 46.8187996428785
7 13 191.7602670002313
7 14 133.46160496562297
7 15 255.8378392654222
7 16 290.2223285689783
7 17 209.15305400591214
7 18 168.6297719858507
7 19 210.77238908357992
7 20 207.4728897952694
8 0 98.49365461794989
8 1 70.60453243241541
8 2 74.32361670424818
8 3 144.08677940741129
8 4 145.82523787054146
8 5 50.91168824543142
8 6 77.10382610480494
8 7 65.21502894272147
8 9 20.8806130178211
8 10 135.6244815658294
8 11 156.28499608087785
8 12 23.769728648009426
8 13 127.01574705523721
8 14 88.45903006477066
8 15 200.0
8 16 228.56071403458645
8 17 143.95138068111746
8 18 103.46496991735899
8 19 151.74320413119
8 20 155.8589105569521
9 0 91.7877987534291
9 1 91.48223871331527
9 2 53.665631459994955
9 3 124.4869471069156
9 4 131.7459676802292
9 5 34.0
9 6 89.35882720806042
9 7 74.65252842335616
9 8 20.8806130178211
9 10 131.0953851209111
9 11 165.89454481688057
9 12 42.1070065428546
9 13 124.91997438360288
9 14 68.06614430096654
9 15 206.9685966517626
9 16 215.60148422494683
9 17 139.0898989862312
9 18 99.72462083156798
9 19 157.07959765672945
9 20 165.93974810153233
10 0 40.26164427839479
10 1 171.1286066091815
10 2 143.17122615944868
10 3 128.16005617976296
10 4 70.2922470831599
10 5 154.0194792875239
10 6 211.463944917331
10 7 200.81085628023203
10 8 135.6244815658294
10 9 131.0953851209111
10 11 103.87011119662864
10 12 155.8621185535472
10 13 17.0
10 14 122.6906679417795
10 15 114.86513831445988
10 16 117.51595636338071
10 17 8.48528137423857
10 18 32.202484376209235
10 19 71.02112361825881
10 20 107.15409464878138
11 0 117.41379816699569
11 1 144.22205101855957
11 2 204.86336910243372
11 3 222.25210910135362
11 4 172.53985046939155
11 5 199.04019694524018
11 6 211.09239683134018
11 7 208.7773934122179
11 8 156.28499608087785
11 9 165.89454481688057
11 10 103.87011119662864
11 12 164.01219466856725
11 13 88.58893836140041
11 14 196.36700333813724
11 15 49.24428900898052
11 16 214.2545215392198
11 17 107.2240644631605
11 18 101.9803902718557
11 19 35.22782990761707
11 20 4.123105625617661
12 0 120.24142381059865
12 1 53.85164807134504
12 2 92.41753080449618
12 3 166.5893153836704
12 4 169.49926253526885
12 5 63.97655820689325
12 6 55.60575509783138
12 7 46.8187996428785
12 8 23.769728648009426
12 9 42.1070065428546
12 10 155.8621185535472
12 11 164.01219466856725
12 13 145.89036979869508
12 14 110.0
12 15 210.1547049199708
12 16 251.9622987670973
12 17 164.2954655491137
12 18 123.69316876852982
12 19 164.2224101637776
12 20 163.01226947687098
13 0 39.6232255123179
13 1 157.20050890502867
13 2 143.34922392534952
13 3 138.05795884337854
13 4 84.05950273467003
13 5 150.6154042586614
13 6 201.37527157027003
13 7 191.7602670002313
13 8 127.01574705523721
13 9 124.91997438360288
13 10 17.0
13 11 88.58893836140041
13 12 145.89036979869508
13 14 125.63439019631528
13 15 104.5609869884557
13 16 134.45073447177595
13 17 23.769728648009426
13 18 26.076809620810597
13 19 57.38466694161429
13 20 91.67878707749138
14 0 86.1278120005379
14 1 158.4929020492716
14 2 29.0
14 3 57.723478758647246
14 4 87.23531395025755
14 5 58.59180830116101
14 6 150.57224179774968
14 7 133.46160496562297
14 8 88.45903006477066
14 9 68.06614430096654
14 10 122.6906679417795
14 11 196.36700333813724
14 12 110.0
14 13 125.63439019631528
14 15 226.77080940897133
14 16 168.8342382338369
14 17 128.191263352851
14 18 101.19288512538814
14 19 175.86642658563346
14 20 197.77006851391846
15 0 141.77799547179387
15 1 193.35201059208046
15 2 239.841614404173
15 3 242.40668307618913
15 4 184.5670609832643
15 5 238.72997298202839
15 6 259.12352266824405
15 7 255.8378392654222
15 8 200.0
15 9 206.9685966517626
15 10 114.86513831445988
15 11 49.24428900898052
15 12 210.1547049199708
15 13 104.5609869884557
15 14 226.77080940897133
15 16 206.49455198624491
15 17 114.5512985522207
15 18 126.11502686040232
15 19 51.24451190127583
15 20 51.884487084291386
16 0 136.48809471891678
16 1 280.40149785619906
16 2 197.71696942852427
16 3 128.3160161476345
16 4 84.29116205154607
16 5 223.46364357541475
16 6 304.6850833237492
16 7 290.2223285689783
16 8 228.56071403458645
16 9 215.60148422494683
16 10 117.51595636338071
16 11 214.2545215392198
16 12 251.9622987670973
16 13 134.45073447177595
16 14 168.8342382338369
16 15 206.49455198624491
16 17 111.11255554616679
16 18 140.9432509913121
16 19 179.0474797365213
16 20 218.07338214463496
17 0 47.75981574503821
17 1 179.44637081869334
17 2 149.56603892595405
17 3 130.24976007655445
17 4 70.03570517957252
17 5 161.40012391568973
17 6 219.89315587348324
17 7 209.15305400591214
17 8 143.95138068111746
17 9 139.0898989862312
17 10 8.48528137423857
17 11 107.2240644631605
17 12 164.2954655491137
17 13 23.769728648009426
17 14 128.191263352851
17 15 114.5512985522207
17 16 111.11255554616679
17 18 40.607881008493905
17 19 73.348483283569
17 20 110.67971810589327
18 0 15.811388300841896
18 1 141.4213562373095
18 2 117.61377470347595
18 3 120.28299963003916
18 4 75.43208866258443
18 5 124.61540835707277
18 6 179.28747864811976
18 7 168.6297719858507
18 8 103.46496991735899
18 9 99.72462083156798
18 10 32.202484376209235
18 11 101.9803902718557
18 12 123.69316876852982
18 13 26.076809620810597
18 14 101.19288512538814
18 15 126.11502686040232
18 16 140.9432509913121
18 17 40.607881008493905
18 19 76.00657866263946
18 20 104.35037134576953
19 0 91.80958555619343
19 1 155.92626462530293
19 2 188.6001060445089
19 3 194.82556300444764
19 4 141.01418368376991
19 5 188.1754500459611
19 6 216.00231480241132
19 7 210.77238908357992
19 8 151.74320413119
19 9 157.07959765672945
19 10 71.02112361825881
19 11 35.22782990761707
19 12 164.2224101637776
19 13 57.38466694161429
19 14 175.86642658563346
19 15 51.24451190127583
19 16 179.0474797365213
19 17 73.348483283569
19 18 76.00657866263946
19 20 39.11521443121589
20 0 119.6703806294607
20 1 141.98943622678414
20 2 205.71825392998065
20 3 224.5551157288562
20 4 175.5135322418189
20 5 199.24858845171275
20 6 209.45882650296693
20 7 207.4728897952694
20 8 155.8589105569521
20 9 165.93974810153233
20 10 107.15409464878138
20 11 4.123105625617661
20 12 163.01226947687098
20 13 91.67878707749138
20 14 197.77006851391846
20 15 51.884487084291386
20 16 218.07338214463496
20 17 110.67971810589327
20 18 104.35037134576953
20 19 39.11521443121589
;

end;
